%YAML:1.0
cameraMatrixLeft: !!opencv-matrix 
   rows: 3
   cols: 3
   dt: d
   data: [ 1451.668607 , 0., 957.359329, 0., 1463.980909, 538.115247, 0., 0., 1. ]

cameraMatrixRight: !!opencv-matrix
   rows: 3
   cols: 3
   dt: d
   data: [ 502.046366, 0., 340.286343, 0., 506.511706,  228.177239, 0., 0., 1. ]

distCoeffsLeft: !!opencv-matrix
   rows: 4
   cols: 1
   dt: d
   data: [ 1.491956e-02, 0.000000e+00, 0.000000e+00, 0.000000e+00 ]

distCoeffsRight: !!opencv-matrix
   rows: 4
   cols: 1
   dt: d
   data: [ -1.232464e-01, 0.000000e+00, 0.000000e+00, 0.000000e+00  ]

RotationMatrix:  !!opencv-matrix
   rows: 3
   cols: 3
   dt: d
   data: [ 9.9998065611075e-01, 1.5879895943892e-03, -6.0137919291106e-03,
          -1.5950582545796e-03, 9.9999804251288e-01,-1.1707944193176e-03,
         6.0119209478353e-03, 1.1803641200580e-03, 9.9998123159740e-01 ]
   
Translation:  !!opencv-matrix
   rows: 3
   cols: 1
   dt: d
   data: [ 4.826142e-02, -0.10068598e-02, -9.163423e-04 ]
      
