%YAML:1.0
cameraMatrixLeft: !!opencv-matrix 
   rows: 3
   cols: 3
   dt: d
   data: [ 912.088867 , 0., 650.698669 0., 912.088867, 343.981415, 0., 0., 1. ]

cameraMatrixRight: !!opencv-matrix
   rows: 3
   cols: 3
   dt: d
   data: [ 588.640991, 0., 311.884949, 0., 588.640991,  234.252808, 0., 0., 1. ]

distCoeffsLeft: !!opencv-matrix
   rows: 3
   cols: 1
   dt: d
   data: [0.0, 0.0, 0.0 ]

distCoeffsRight: !!opencv-matrix
   rows: 3
   cols: 1
   dt: d
   data: [ 0.0, 0.0, 0.0  ]

RotationMatrix:  !!opencv-matrix
   rows: 3
   cols: 3
   dt: d
   data: [ 1.0, 0.0, 0.0, 0.0, 1.0 , 0.0 , 0.0,0.0 ,1.0 ]
   
Translation:  !!opencv-matrix
   rows: 3
   cols: 1
   dt: d
   data: [ -0.058860767, -0.000026576, -0.000328478]

