%YAML:1.0
cameraMatrixLeft: !!opencv-matrix 
   rows: 3
   cols: 3
   dt: d
   data: [ 1328.571533 , 0.0, 958.359329, 0.0, 1328.571533, 553.115247, 0.0, 0.0, 1. ]

cameraMatrixRight: !!opencv-matrix
   rows: 3
   cols: 3
   dt: d
   data: [ 463.6313 , 0.0,  320.3937, 0.0,  463.1965 ,  240.3332, 0.0, 0.0, 1.0000 ]

distCoeffsLeft: !!opencv-matrix
   rows: 3
   cols: 1
   dt: d
   data: [  -0.0, 0.0,  0.0 ]

distCoeffsRight: !!opencv-matrix
   rows: 3
   cols: 1
   dt: d
   data: [  -0.1176,   -0.0618, 0.0 ]

RotationMatrix:  !!opencv-matrix
   rows: 3
   cols: 3
   dt: d
   data: [ 0.9999,   -0.0071,   -0.0149, 0.0072, 1.0000,  0.0022, 0.0149,   -0.0023,    0.9999 ]
   
Translation:  !!opencv-matrix
   rows: 3
   cols: 1
   dt: d
   data: [ 0.037, 0.004, 0.0015 ]

% def trans    data: [  0.0137909,    0.004945,    0.001383 ]
