%YAML:1.0
cameraMatrixLeft: !!opencv-matrix 
   rows: 3
   cols: 3
   dt: d
   data: [ 1400.247023, 0., 965.901960, 0., 1402.366109, 531.602614, 0., 0., 1. ]

cameraMatrixRight: !!opencv-matrix
   rows: 3
   cols: 3
   dt: d
   data: [ 484.252426, 0., 348.167472, 0., 488.029759,  236.870934, 0., 0., 1. ]

distCoeffsLeft: !!opencv-matrix
   rows: 4
   cols: 1
   dt: d
   data: [ 7.889902e-02, -2.424222e-01, 0.000000e+00, 0.000000e+00]

distCoeffsRight: !!opencv-matrix
   rows: 4
   cols: 1
   dt: d
   data: [-1.132103e-01, -4.657932e-02, 0.000000e+00, 0.000000e+00 ]

RotationMatrix:  !!opencv-matrix
   rows: 3
   cols: 3
   dt: d
   data: [ 9.9998065611075e-01, 1.5879895943892e-03, -6.0137919291106e-03,
          -1.5950582545796e-03, 9.9999804251288e-01,-1.1707944193176e-03,
         6.0119209478353e-03, 1.1803641200580e-03, 9.9998123159740e-01 ]
   
Translation:  !!opencv-matrix
   rows: 3
   cols: 1
   dt: d
   data: [ 4.826142e-02, -2.10068598e-02, -9.163423e-04 ]
      
