%YAML:1.0
cameraMatrixLeft: !!opencv-matrix 
   rows: 3
   cols: 3
   dt: d
   data: [ 1328.571533 , 0., 958.423462, 0., 1328.571533, 553.515747  , 0., 0., 1. ]

cameraMatrixRight: !!opencv-matrix
   rows: 3
   cols: 3
   dt: d
   data: [ 463.888885, 0., 320., 0., 463.888885,  240., 0., 0., 1. ]

distCoeffsLeft: !!opencv-matrix
   rows: 3
   cols: 1
   dt: d
   data: [ 1.491956e-02, 0.000000e+00, 0.000000e+00 ]

distCoeffsRight: !!opencv-matrix
   rows: 3
   cols: 1
   dt: d
   data: [ -1.232464e-01, 0.000000e+00, 0.000000e+00  ]

RotationMatrix:  !!opencv-matrix
   rows: 3
   cols: 3
   dt: d
   data: [ 9.9989475038056e-01, 6.6375425107677e-03, 1.2900821323328e-02,
               -6.6134722528852e-03, 9.9997631131953e-01, -1.9075598428877e-03,
               -1.2913177229443e-02, 1.8220398490789e-03, 9.9991496139653e-01 ]

Translation:  !!opencv-matrix
   rows: 3
   cols: 1
   dt: d
   data: [ 2.056554e-02, -1.51166e-02, 1.709703e-03 ]
